563813349173093499
563842694096093499
565102244254198587
565190629524198587
697245985540012763
565203046698198587
684614531244448649
685766336843072233
690281857092022569
565757957944640489
571868909780385705
687951905422637833
565658916782640489
695015681744405513
695249123660405513
695984641657703433
689686624706119817
695088419269405513
564009797457968587
570215023246691307
564576292947537195
564577764827537195
687282305829758347
571984780963960203
692241025923458443
693307939950137739
563967238074741992
686472992917270248
686158146852607720
570626350833724008
695333026238738152
695446945757646632
696045827961527848
691264448937210280
695261121001738152
695986017467527848
694891008920738152
679497057322185781
681165250982880917
686755232630921013
695474305597642645
696929152489127541
690427745835369685
693915968809127541
697523587238501813
678690272790137473
684600162588521473
564476103023929089
686802434767928161
690377059518862369
692954275176251745
572321454930884705
689899009743463681
572211436544884705
566457508833055489
565589668813207297
572396879683884705
679285216815885383
680335651929885383
680361155348885383
680253282814885383
680261698754885383
679013667353946343
680335203745885383
681087649989445863
570440429986902503
697959457132216263
697432800140303079
691916385299262919
698127264286303079
695531715934670919
684048512054674222
683880256573674222
682854721816647630
679748512031457454
680220226732457454
686116224853168462
686128960136168462
691240483517667246
564852005309016695
564850437329016695
689021152978676119
573346900615116823
689236706672676119
698042785057324887
693394017642475767
697861440843324887
695833251712395351
695765154097395351
698027842567324887
694921825960873175
684720481066117369
564877956193130489
565751430811504089
694491457015403929
697314562214788249
694125856105403929
572654863092515705
569496622657011402
687094723985449066
572543567907379210
571271181764814410
692321634184423882
688271073910279242
691941507222438826
697701155023622986
692315361926423882
696060352192964042
687498339492186533
686927939777238053
685451360448956165
685869954980145317
695640578000274949
696853249775694469
695116897888845669
694565504140768037
695465250982694469
696586560957448133
571453967684195205
680368608448276944
564784260306406288
686439328928137680
565138661659586288
695856003678757040
696956515536137680
695588000688757040
678952033411888365
681927906718064237
679226144169538765
684796898631608045
684905091209608045
696593763041656941
696878787796004013
695898144499386125
565658597479949997
566418020640885293
573356951117291277
573333844486291277
697557859065291277
698074211967305453
682466914269528684
570682798711620908
570659148528534604
570664876035534604
571183084668469004
565680036915446988
692902657505866284
565754599679446988
698309123295305548
697748993271866124
572278508181376716
565512581658270188
685181056438561763
694882242228340931
688165824711680259
695320673955499875
695043267167499875
694878146501340931
695319809294499875
697428832883662915
565838565546661795
566190247878661795
566233509214661795
570363406099609208
679568961548846648
564438247219099288
679043586982366456
679415649689668760
679330240151846648
695891235957538648
696608931285949816
691482626655865752
694605410050422584
695170176310603320
697895490649288248
572479852673911000
696584930437949816
698104097663797080
684238785065063954
681535968295133682
680765699639734642
680682498130734642
564071239625368594
679152674259875954
685173378201303442
684141090563063954
686391811236819986
697369664076718130
689983715424535442
695423682884088626
695540835358701522
684325347917152563
687530656208466515
698010115196087379
571870189287025107
696479809876319315
690147650099470963
689721537624788627
573251732004330579
571948140473025107
698011715193087379
698316929090960531
690228067396470963
692441251191951955
573189207976330579
692334945619951955
697707362889464819
695319776048831379
566446982508605299
682523235468767846
687613602662620518
694939232751812550
689716865482637254
695785027972208870
573432245458542886
697559395869243078
678972288919014621
686609249108540541
573275316887840829
573280598986840829
688230017029880733
689818786617604669
573294676361840829
573739863063916669
573298036564840829
573489590728084029
689830369472604669
573301492091840829
695415425998342621
680337667534170836
683725472873324468
680328993042170836
680589986765233716
680334625628170836
687816194850832436
684957472272725268
685181666015725268
690373088318588212
691753155723094516
566086855077590292
572568718014243508
572643823150243508
573440886814356372
566134918003590292
573291543294201524
683839139834683262
680253089904403230
679362722688161118
684242371705304958
688457571039209470
688980674322890078
697415202421090078
688770304791890078
565990886421652094
697922593328784382
696611265980784382
697916481917784382
681333121402436668
687586976219946972
687583136521946972
570745612418075004
691081344948729436
691350243526729436
692181664747879836
696086369524340348
697423073213412252
698122178508007260
698109953098007260
572485070761081308
679634339919502481
686377090234387121
687250273957627377
570820271229562705
687257569147627377
687601315074664625
687284003709627377
570745422496562705
570868236706307409
571393261402540305
697547811099076241
572514030421712209
694507555548304849
694248800522304849
569639246459415810
686705696490377922
694867424644371842
697878466699414882
693594147904215714
697690243512037058
697572802520037058
695157410547498338
566523749196656994
680168000958147648
680750531163044768
680067040628745280
680452384657044768
680787331757044768
683819714310036832
686864544586677120
688285505172718240
688810049999718240
688192480051842144
693634816138279264
698230306933664352
698124675409533280
572251247523844704
688194336828842144
698057954834533280
697637345246938560
572062604391844704
573278708042330624
571982157534844704
698123523478533280
564563365605787791
687062432859958639
694985600256615951
565181765113699887
695642144554559119
695147009225414383
695244066089127119
566328069200668495
690738723924717071
695194435984414383
696103266390671023
696758369585380783
566288615058668495
566207012661668495
697957474752483183
565818374420347887
689485123459973439
687948032628124671
696308193945530239
696440354612530239
690364480497973439
694415745884419455
695171552597410879
566095463309587999
572387725015934303
679486274715636118
680375488108045334
680609218758045334
678593986479849526
686036930093255638
684700896829347222
679280544806636118
683744195769702422
696195107701980182
692976544329511222
696119745943980182
680498114899458820
679513795650139236
569314412869516900
686581410799176964
693389473640756836
695733667686094628
695282240717827556
695478752899094628
665717793007330746
683749153203991834
684093219636807162
666926530985330746
667087395193330746
684417345803330746
677127555639330746
677033474988330746
679624835785220378
686098464278330746
679323392773220378
687045856684330746
684751394784330746
687005760960330746
687349955070330746
687057472212330746
687351329988330746
687274177739330746
695825602818811834
697473091686975226
565976452991471098
697430467991975226
697334403697975226
697392737355975226