1
563842694096093499
2
565190629524198587
3
697245985540012763
4
684614531244448649
5
685766336843072233
6
690281857092022569
7
565757957944640489
8
687951905422637833
9
695249123660405513
10
695984641657703433
11
564576292947537195
12
571984780963960203
13
692241025923458443
14
693307939950137739
15
686472992917270248
16
695333026238738152
17
695446945757646632
18
691264448937210280
19
695261121001738152
20
695986017467527848
21
686755232630921013
22
695474305597642645
23
696929152489127541
24
697523587238501813
25
678690272790137473
26
684600162588521473
27
686802434767928161
28
690377059518862369
29
692954275176251745
30
689899009743463681
31
572211436544884705
32
566457508833055489
33
565589668813207297
34
679285216815885383
35
680335651929885383
36
680361155348885383
37
680261698754885383
38
679013667353946343
39
697959457132216263
40
691916385299262919
41
698127264286303079
42
684048512054674222
43
680220226732457454
44
686128960136168462
45
564852005309016695
46
689021152978676119
47
573346900615116823
48
693394017642475767
49
697861440843324887
50
695833251712395351
51
694921825960873175
52
684720481066117369
53
564877956193130489
54
694491457015403929
55
694125856105403929
56
572654863092515705
57
569496622657011402
58
572543567907379210
59
691941507222438826
60
697701155023622986
61
692315361926423882
62
696060352192964042
63
687498339492186533
64
686927939777238053
65
685451360448956165
66
695640578000274949
67
696853249775694469
68
694565504140768037
69
696586560957448133
70
571453967684195205
71
564784260306406288
72
686439328928137680
73
565138661659586288
74
695856003678757040
75
695588000688757040
76
678952033411888365
77
684905091209608045
78
696593763041656941
79
696878787796004013
80
695898144499386125
81
565658597479949997
82
566418020640885293
83
697557859065291277
84
698074211967305453
85
570682798711620908
86
570664876035534604
87
571183084668469004
88
565680036915446988
89
692902657505866284
90
565754599679446988
91
698309123295305548
92
572278508181376716
93
565512581658270188
94
685181056438561763
95
688165824711680259
96
695320673955499875
97
695043267167499875
98
694878146501340931
99
695319809294499875
100
697428832883662915
1
570363406099609208
2
564438247219099288
3
679043586982366456
4
695891235957538648
5
694605410050422584
6
695170176310603320
7
697895490649288248
8
572479852673911000
9
696584930437949816
10
698104097663797080
11
684238785065063954
12
681535968295133682
13
680765699639734642
14
564071239625368594
15
679152674259875954
16
685173378201303442
17
697369664076718130
18
689983715424535442
19
695423682884088626
20
695540835358701522
21
684325347917152563
22
687530656208466515
23
571870189287025107
24
696479809876319315
25
689721537624788627
26
698011715193087379
27
698316929090960531
28
690228067396470963
29
692441251191951955
30
573189207976330579
31
697707362889464819
32
695319776048831379
33
566446982508605299
34
689716865482637254
35
695785027972208870
36
573432245458542886
37
697559395869243078
38
573280598986840829
39
573294676361840829
40
573298036564840829
41
573489590728084029
42
689830369472604669
43
695415425998342621
44
680589986765233716
45
680334625628170836
46
687816194850832436
47
690373088318588212
48
691753155723094516
49
572568718014243508
50
573440886814356372
51
566134918003590292
52
573291543294201524
53
680253089904403230
54
688457571039209470
55
697415202421090078
56
688770304791890078
57
565990886421652094
58
697922593328784382
59
696611265980784382
60
687583136521946972
61
570745612418075004
62
691350243526729436
63
692181664747879836
64
696086369524340348
65
698109953098007260
66
572485070761081308
67
679634339919502481
68
686377090234387121
69
570820271229562705
70
687257569147627377
71
687601315074664625
72
570868236706307409
73
571393261402540305
74
697547811099076241
75
572514030421712209
76
694507555548304849
77
694248800522304849
78
569639246459415810
79
694867424644371842
80
697878466699414882
81
693594147904215714
82
697690243512037058
83
695157410547498338
84
566523749196656994
85
680168000958147648
86
680787331757044768
87
683819714310036832
88
686864544586677120
89
688810049999718240
90
693634816138279264
91
572251247523844704
92
688194336828842144
93
698057954834533280
94
697637345246938560
95
573278708042330624
96
571982157534844704
97
564563365605787791
98
687062432859958639
99
694985600256615951
100
695642144554559119
1
695147009225414383
2
690738723924717071
3
696103266390671023
4
696758369585380783
5
566207012661668495
6
565818374420347887
7
687948032628124671
8
696440354612530239
9
694415745884419455
10
695171552597410879
11
572387725015934303
12
680609218758045334
13
678593986479849526
14
684700896829347222
15
696195107701980182
16
692976544329511222
17
680498114899458820
18
569314412869516900
19
693389473640756836
20
695478752899094628
21
683749153203991834
22
667087395193330746
23
679323392773220378
24
695825602818811834
25
697430467991975226
26
697392737355975226