563842694096093499
565190629524198587
697245985540012763
684614531244448649
685766336843072233
690281857092022569
565757957944640489
687951905422637833
695249123660405513
695984641657703433
564576292947537195
571984780963960203
692241025923458443
693307939950137739
686472992917270248
695333026238738152
695446945757646632
691264448937210280
695261121001738152
695986017467527848
686755232630921013
695474305597642645
696929152489127541
697523587238501813
678690272790137473
684600162588521473
686802434767928161
690377059518862369
692954275176251745
689899009743463681
572211436544884705
566457508833055489
565589668813207297
679285216815885383
680335651929885383
680361155348885383
680261698754885383
679013667353946343
697959457132216263
691916385299262919
698127264286303079
684048512054674222
680220226732457454
686128960136168462
564852005309016695
689021152978676119
573346900615116823
693394017642475767
697861440843324887
695833251712395351
694921825960873175
684720481066117369
564877956193130489
694491457015403929
694125856105403929
572654863092515705
569496622657011402
572543567907379210
691941507222438826
697701155023622986
692315361926423882
696060352192964042
687498339492186533
686927939777238053
685451360448956165
695640578000274949
696853249775694469
694565504140768037
696586560957448133
571453967684195205
564784260306406288
686439328928137680
565138661659586288
695856003678757040
695588000688757040
678952033411888365
684905091209608045
696593763041656941
696878787796004013
695898144499386125
565658597479949997
566418020640885293
697557859065291277
698074211967305453
570682798711620908
570664876035534604
571183084668469004
565680036915446988
692902657505866284
565754599679446988
698309123295305548
572278508181376716
565512581658270188
685181056438561763
688165824711680259
695320673955499875
695043267167499875
694878146501340931
695319809294499875
697428832883662915
570363406099609208
564438247219099288
679043586982366456
695891235957538648
694605410050422584
695170176310603320
697895490649288248
572479852673911000
696584930437949816
698104097663797080
684238785065063954
681535968295133682
680765699639734642
564071239625368594
679152674259875954
685173378201303442
697369664076718130
689983715424535442
695423682884088626
695540835358701522
684325347917152563
687530656208466515
571870189287025107
696479809876319315
689721537624788627
698011715193087379
698316929090960531
690228067396470963
692441251191951955
573189207976330579
697707362889464819
695319776048831379
566446982508605299
689716865482637254
695785027972208870
573432245458542886
697559395869243078
573280598986840829
573294676361840829
573298036564840829
573489590728084029
689830369472604669
695415425998342621
680589986765233716
680334625628170836
687816194850832436
690373088318588212
691753155723094516
572568718014243508
573440886814356372
566134918003590292
573291543294201524
680253089904403230
688457571039209470
697415202421090078
688770304791890078
565990886421652094
697922593328784382
696611265980784382
687583136521946972
570745612418075004
691350243526729436
692181664747879836
696086369524340348
698109953098007260
572485070761081308
679634339919502481
686377090234387121
570820271229562705
687257569147627377
687601315074664625
570868236706307409
571393261402540305
697547811099076241
572514030421712209
694507555548304849
694248800522304849
569639246459415810
694867424644371842
697878466699414882
693594147904215714
697690243512037058
695157410547498338
566523749196656994
680168000958147648
680787331757044768
683819714310036832
686864544586677120
688810049999718240
693634816138279264
572251247523844704
688194336828842144
698057954834533280
697637345246938560
573278708042330624
571982157534844704
564563365605787791
687062432859958639
694985600256615951
695642144554559119
695147009225414383
690738723924717071
696103266390671023
696758369585380783
566207012661668495
565818374420347887
687948032628124671
696440354612530239
694415745884419455
695171552597410879
572387725015934303
680609218758045334
678593986479849526
684700896829347222
696195107701980182
692976544329511222
680498114899458820
569314412869516900
693389473640756836
695478752899094628
683749153203991834
667087395193330746
679323392773220378
695825602818811834
697430467991975226
697392737355975226
